# transform file /usr/local/freesurfer/subjects/3125/mri/transforms/cc_up.lta
# created by ubuntu on Wed Jan 31 08:41:52 2018

type      = 0 # LINEAR_VOX_TO_VOX
nxforms   = 1
mean      = 126.0000 129.0000 124.0000
sigma     = 10000.0000
1 4 4
9.974499344825745e-01 6.202818080782890e-02 3.530383482575417e-02 -9.169844627380371e+00 
-6.198936328291893e-02 9.980745315551758e-01 -2.194057218730450e-03 3.032030677795410e+01 
-3.537194803357124e-02 0.000000000000000e+00 9.993743300437927e-01 2.156169319152832e+01 
0.000000000000000e+00 0.000000000000000e+00 0.000000000000000e+00 1.000000000000000e+00 
src volume info
valid = 1  # volume info valid
filename = /usr/local/freesurfer/subjects/3125/mri/norm.mgz
volume = 256 256 256
voxelsize = 1.000000000000000e+00 1.000000000000000e+00 1.000000000000000e+00
xras   = -1.000000000000000e+00 0.000000000000000e+00 0.000000000000000e+00
yras   = 0.000000000000000e+00 0.000000000000000e+00 -1.000000000000000e+00
zras   = 0.000000000000000e+00 1.000000000000000e+00 0.000000000000000e+00
cras   = 2.058795166015625e+02 2.657529907226562e+02 5.195180664062500e+02
dst volume info
valid = 1  # volume info valid
filename = /usr/local/freesurfer/subjects/3125/mri/norm.mgz
volume = 256 256 256
voxelsize = 1.000000000000000e+00 1.000000000000000e+00 1.000000000000000e+00
xras   = -1.000000000000000e+00 0.000000000000000e+00 0.000000000000000e+00
yras   = 0.000000000000000e+00 0.000000000000000e+00 -1.000000000000000e+00
zras   = 0.000000000000000e+00 1.000000000000000e+00 0.000000000000000e+00
cras   = 2.058795166015625e+02 2.657529907226562e+02 5.195180664062500e+02
