# transform file /usr/local/freesurfer/subjects/3272/mri/transforms/cc_up.lta
# created by ubuntu on Fri Feb  2 13:14:35 2018

type      = 0 # LINEAR_VOX_TO_VOX
nxforms   = 1
mean      = 129.0000 101.0000 115.0000
sigma     = 10000.0000
1 4 4
9.981784820556641e-01 4.606895521283150e-02 -3.895372152328491e-02 -1.323999524116516e+00 
-4.603391513228416e-02 9.989382624626160e-01 1.796464668586850e-03 6.388975143432617e+01 
3.899512439966202e-02 0.000000000000000e+00 9.992393851280212e-01 1.499156761169434e+01 
0.000000000000000e+00 0.000000000000000e+00 0.000000000000000e+00 1.000000000000000e+00 
src volume info
valid = 1  # volume info valid
filename = /usr/local/freesurfer/subjects/3272/mri/norm.mgz
volume = 256 256 256
voxelsize = 1.000000000000000e+00 1.000000000000000e+00 1.000000000000000e+00
xras   = -1.000000000000000e+00 0.000000000000000e+00 0.000000000000000e+00
yras   = 0.000000000000000e+00 0.000000000000000e+00 -1.000000000000000e+00
zras   = 0.000000000000000e+00 1.000000000000000e+00 0.000000000000000e+00
cras   = 1.797240753173828e+02 2.889270935058594e+02 5.541748046875000e+02
dst volume info
valid = 1  # volume info valid
filename = /usr/local/freesurfer/subjects/3272/mri/norm.mgz
volume = 256 256 256
voxelsize = 1.000000000000000e+00 1.000000000000000e+00 1.000000000000000e+00
xras   = -1.000000000000000e+00 0.000000000000000e+00 0.000000000000000e+00
yras   = 0.000000000000000e+00 0.000000000000000e+00 -1.000000000000000e+00
zras   = 0.000000000000000e+00 1.000000000000000e+00 0.000000000000000e+00
cras   = 1.797240753173828e+02 2.889270935058594e+02 5.541748046875000e+02
