# transform file /usr/local/freesurfer/subjects/3803/mri/transforms/cc_up.lta
# created by ubuntu on Sat Jan 27 08:25:42 2018

type      = 0 # LINEAR_VOX_TO_VOX
nxforms   = 1
mean      = 128.0000 100.0000 110.0000
sigma     = 10000.0000
1 4 4
9.969735145568848e-01 6.503477692604065e-02 -4.259512946009636e-02 -7.042810320854187e-01 
-6.497550010681152e-02 9.978830218315125e-01 2.776041626930237e-03 5.020557403564453e+01 
4.268549382686615e-02 0.000000000000000e+00 9.990885853767395e-01 2.764232063293457e+01 
0.000000000000000e+00 0.000000000000000e+00 0.000000000000000e+00 1.000000000000000e+00 
src volume info
valid = 1  # volume info valid
filename = /usr/local/freesurfer/subjects/3803/mri/norm.mgz
volume = 256 256 256
voxelsize = 1.000000000000000e+00 1.000000000000000e+00 1.000000000000000e+00
xras   = -1.000000000000000e+00 0.000000000000000e+00 0.000000000000000e+00
yras   = 0.000000000000000e+00 0.000000000000000e+00 -1.000000000000000e+00
zras   = 0.000000000000000e+00 1.000000000000000e+00 0.000000000000000e+00
cras   = 2.112770996093750e+02 2.738493957519531e+02 5.208674316406250e+02
dst volume info
valid = 1  # volume info valid
filename = /usr/local/freesurfer/subjects/3803/mri/norm.mgz
volume = 256 256 256
voxelsize = 1.000000000000000e+00 1.000000000000000e+00 1.000000000000000e+00
xras   = -1.000000000000000e+00 0.000000000000000e+00 0.000000000000000e+00
yras   = 0.000000000000000e+00 0.000000000000000e+00 -1.000000000000000e+00
zras   = 0.000000000000000e+00 1.000000000000000e+00 0.000000000000000e+00
cras   = 2.112770996093750e+02 2.738493957519531e+02 5.208674316406250e+02
