# transform file /usr/local/freesurfer/subjects/3702/mri/transforms/cc_up.lta
# created by ubuntu on Mon Feb  5 02:51:05 2018

type      = 0 # LINEAR_VOX_TO_VOX
nxforms   = 1
mean      = 130.0000 104.0000 115.0000
sigma     = 10000.0000
1 4 4
9.993972182273865e-01 3.094366751611233e-02 -1.573915593326092e-02 -1.961194276809692e+00 
-3.093983046710491e-02 9.995211362838745e-01 4.872605204582214e-04 4.398123931884766e+01 
1.574669778347015e-02 0.000000000000000e+00 9.998760223388672e-01 1.898194694519043e+01 
0.000000000000000e+00 0.000000000000000e+00 0.000000000000000e+00 1.000000000000000e+00 
src volume info
valid = 1  # volume info valid
filename = /usr/local/freesurfer/subjects/3702/mri/norm.mgz
volume = 256 256 256
voxelsize = 1.000000000000000e+00 1.000000000000000e+00 1.000000000000000e+00
xras   = -1.000000000000000e+00 0.000000000000000e+00 0.000000000000000e+00
yras   = 0.000000000000000e+00 0.000000000000000e+00 -1.000000000000000e+00
zras   = 0.000000000000000e+00 1.000000000000000e+00 0.000000000000000e+00
cras   = 2.382713165283203e+02 3.276038818359375e+02 4.991000976562500e+02
dst volume info
valid = 1  # volume info valid
filename = /usr/local/freesurfer/subjects/3702/mri/norm.mgz
volume = 256 256 256
voxelsize = 1.000000000000000e+00 1.000000000000000e+00 1.000000000000000e+00
xras   = -1.000000000000000e+00 0.000000000000000e+00 0.000000000000000e+00
yras   = 0.000000000000000e+00 0.000000000000000e+00 -1.000000000000000e+00
zras   = 0.000000000000000e+00 1.000000000000000e+00 0.000000000000000e+00
cras   = 2.382713165283203e+02 3.276038818359375e+02 4.991000976562500e+02
