# transform file /usr/local/freesurfer/subjects/3123/mri/transforms/cc_up.lta
# created by ubuntu on Wed Jan 31 09:01:55 2018

type      = 0 # LINEAR_VOX_TO_VOX
nxforms   = 1
mean      = 126.0000 138.0000 119.0000
sigma     = 10000.0000
1 4 4
9.898710846900940e-01 1.168763041496277e-01 -8.059125393629074e-02 -3.833251953125000e+00 
-1.164908558130264e-01 9.931463599205017e-01 9.484209120273590e-03 2.783860015869141e+01 
8.114740252494812e-02 0.000000000000000e+00 9.967020153999329e-01 1.487167167663574e+01 
0.000000000000000e+00 0.000000000000000e+00 0.000000000000000e+00 1.000000000000000e+00 
src volume info
valid = 1  # volume info valid
filename = /usr/local/freesurfer/subjects/3123/mri/norm.mgz
volume = 256 256 256
voxelsize = 1.000000000000000e+00 1.000000000000000e+00 1.000000000000000e+00
xras   = -1.000000000000000e+00 0.000000000000000e+00 0.000000000000000e+00
yras   = 0.000000000000000e+00 0.000000000000000e+00 -1.000000000000000e+00
zras   = 0.000000000000000e+00 1.000000000000000e+00 0.000000000000000e+00
cras   = 2.052048339843750e+02 2.691265258789062e+02 5.188433837890625e+02
dst volume info
valid = 1  # volume info valid
filename = /usr/local/freesurfer/subjects/3123/mri/norm.mgz
volume = 256 256 256
voxelsize = 1.000000000000000e+00 1.000000000000000e+00 1.000000000000000e+00
xras   = -1.000000000000000e+00 0.000000000000000e+00 0.000000000000000e+00
yras   = 0.000000000000000e+00 0.000000000000000e+00 -1.000000000000000e+00
zras   = 0.000000000000000e+00 1.000000000000000e+00 0.000000000000000e+00
cras   = 2.052048339843750e+02 2.691265258789062e+02 5.188433837890625e+02
