# transform file /usr/local/freesurfer/subjects/3392/mri/transforms/cc_up.lta
# created by ubuntu on Thu Jan 25 05:57:53 2018

type      = 0 # LINEAR_VOX_TO_VOX
nxforms   = 1
mean      = 128.0000 130.0000 112.0000
sigma     = 10000.0000
1 4 4
9.988538026809692e-01 -3.666910156607628e-02 3.076452948153019e-02 9.697229862213135e-01 
3.665171936154366e-02 9.993274807929993e-01 1.128866686485708e-03 1.026273727416992e+01 
-3.078523464500904e-02 1.164153218269348e-10 9.995260238647461e-01 3.599732208251953e+01 
0.000000000000000e+00 0.000000000000000e+00 0.000000000000000e+00 1.000000000000000e+00 
src volume info
valid = 1  # volume info valid
filename = /usr/local/freesurfer/subjects/3392/mri/norm.mgz
volume = 256 256 256
voxelsize = 1.000000000000000e+00 1.000000000000000e+00 1.000000000000000e+00
xras   = -1.000000000000000e+00 0.000000000000000e+00 0.000000000000000e+00
yras   = 0.000000000000000e+00 0.000000000000000e+00 -1.000000000000000e+00
zras   = 0.000000000000000e+00 1.000000000000000e+00 0.000000000000000e+00
cras   = 2.092203369140625e+02 2.738559265136719e+02 5.216270751953125e+02
dst volume info
valid = 1  # volume info valid
filename = /usr/local/freesurfer/subjects/3392/mri/norm.mgz
volume = 256 256 256
voxelsize = 1.000000000000000e+00 1.000000000000000e+00 1.000000000000000e+00
xras   = -1.000000000000000e+00 0.000000000000000e+00 0.000000000000000e+00
yras   = 0.000000000000000e+00 0.000000000000000e+00 -1.000000000000000e+00
zras   = 0.000000000000000e+00 1.000000000000000e+00 0.000000000000000e+00
cras   = 2.092203369140625e+02 2.738559265136719e+02 5.216270751953125e+02
