# transform file /usr/local/freesurfer/subjects/3282/mri/transforms/cc_up.lta
# created by ubuntu on Fri Feb  2 11:21:00 2018

type      = 0 # LINEAR_VOX_TO_VOX
nxforms   = 1
mean      = 129.0000 107.0000 118.0000
sigma     = 10000.0000
1 4 4
9.988777637481689e-01 3.719883784651756e-02 -2.931602485477924e-02 4.704635739326477e-01 
-3.718282654881477e-02 9.993078708648682e-01 1.091277343221009e-03 4.572420120239258e+01 
2.933632954955101e-02 0.000000000000000e+00 9.995695948600769e-01 2.227630424499512e+01 
0.000000000000000e+00 0.000000000000000e+00 0.000000000000000e+00 1.000000000000000e+00 
src volume info
valid = 1  # volume info valid
filename = /usr/local/freesurfer/subjects/3282/mri/norm.mgz
volume = 256 256 256
voxelsize = 1.000000000000000e+00 1.000000000000000e+00 1.000000000000000e+00
xras   = -1.000000000000000e+00 0.000000000000000e+00 0.000000000000000e+00
yras   = 0.000000000000000e+00 0.000000000000000e+00 -1.000000000000000e+00
zras   = 0.000000000000000e+00 1.000000000000000e+00 0.000000000000000e+00
cras   = 2.413190612792969e+02 2.941827087402344e+02 5.276578369140625e+02
dst volume info
valid = 1  # volume info valid
filename = /usr/local/freesurfer/subjects/3282/mri/norm.mgz
volume = 256 256 256
voxelsize = 1.000000000000000e+00 1.000000000000000e+00 1.000000000000000e+00
xras   = -1.000000000000000e+00 0.000000000000000e+00 0.000000000000000e+00
yras   = 0.000000000000000e+00 0.000000000000000e+00 -1.000000000000000e+00
zras   = 0.000000000000000e+00 1.000000000000000e+00 0.000000000000000e+00
cras   = 2.413190612792969e+02 2.941827087402344e+02 5.276578369140625e+02
