# transform file /usr/local/freesurfer/subjects/3804/mri/transforms/cc_up.lta
# created by ubuntu on Sat Jan 27 08:22:52 2018

type      = 0 # LINEAR_VOX_TO_VOX
nxforms   = 1
mean      = 129.0000 94.0000 115.0000
sigma     = 10000.0000
1 4 4
9.990472793579102e-01 -9.116935543715954e-03 -4.267577081918716e-02 5.789471626281738e+00 
9.108629077672958e-03 9.999583363533020e-01 -3.890884399879724e-04 4.988256072998047e+01 
4.267754405736923e-02 2.910382698728675e-11 9.990888237953186e-01 2.365911293029785e+01 
0.000000000000000e+00 0.000000000000000e+00 0.000000000000000e+00 1.000000000000000e+00 
src volume info
valid = 1  # volume info valid
filename = /usr/local/freesurfer/subjects/3804/mri/norm.mgz
volume = 256 256 256
voxelsize = 1.000000000000000e+00 1.000000000000000e+00 1.000000000000000e+00
xras   = -1.000000000000000e+00 0.000000000000000e+00 0.000000000000000e+00
yras   = 0.000000000000000e+00 0.000000000000000e+00 -1.000000000000000e+00
zras   = 0.000000000000000e+00 1.000000000000000e+00 0.000000000000000e+00
cras   = 1.991325378417969e+02 2.725000000000000e+02 5.161445922851562e+02
dst volume info
valid = 1  # volume info valid
filename = /usr/local/freesurfer/subjects/3804/mri/norm.mgz
volume = 256 256 256
voxelsize = 1.000000000000000e+00 1.000000000000000e+00 1.000000000000000e+00
xras   = -1.000000000000000e+00 0.000000000000000e+00 0.000000000000000e+00
yras   = 0.000000000000000e+00 0.000000000000000e+00 -1.000000000000000e+00
zras   = 0.000000000000000e+00 1.000000000000000e+00 0.000000000000000e+00
cras   = 1.991325378417969e+02 2.725000000000000e+02 5.161445922851562e+02
