# transform file /usr/local/freesurfer/subjects/3526/mri/transforms/cc_up.lta
# created by ubuntu on Fri Jan 26 07:08:48 2018

type      = 0 # LINEAR_VOX_TO_VOX
nxforms   = 1
mean      = 127.0000 110.0000 107.0000
sigma     = 10000.0000
1 4 4
9.993340373039246e-01 3.646883741021156e-02 1.256961957551539e-03 -2.560992956161499e+00 
-3.646881133317947e-02 9.993348717689514e-01 -4.587045987136662e-05 3.570001983642578e+01 
-1.257798750884831e-03 3.637978807091713e-12 9.999992251396179e-01 4.215981674194336e+01 
0.000000000000000e+00 0.000000000000000e+00 0.000000000000000e+00 1.000000000000000e+00 
src volume info
valid = 1  # volume info valid
filename = /usr/local/freesurfer/subjects/3526/mri/norm.mgz
volume = 256 256 256
voxelsize = 1.000000000000000e+00 1.000000000000000e+00 1.000000000000000e+00
xras   = -9.999999403953552e-01 0.000000000000000e+00 0.000000000000000e+00
yras   = 0.000000000000000e+00 0.000000000000000e+00 -1.000000000000000e+00
zras   = 0.000000000000000e+00 1.000000000000000e+00 0.000000000000000e+00
cras   = 2.193116149902344e+02 3.388042602539062e+02 5.716970825195312e+02
dst volume info
valid = 1  # volume info valid
filename = /usr/local/freesurfer/subjects/3526/mri/norm.mgz
volume = 256 256 256
voxelsize = 1.000000000000000e+00 1.000000000000000e+00 1.000000000000000e+00
xras   = -9.999999403953552e-01 0.000000000000000e+00 0.000000000000000e+00
yras   = 0.000000000000000e+00 0.000000000000000e+00 -1.000000000000000e+00
zras   = 0.000000000000000e+00 1.000000000000000e+00 0.000000000000000e+00
cras   = 2.193116149902344e+02 3.388042602539062e+02 5.716970825195312e+02
