# transform file /usr/local/freesurfer/subjects/3178/mri/transforms/cc_up.lta
# created by ubuntu on Mon Jan 22 05:46:08 2018

type      = 0 # LINEAR_VOX_TO_VOX
nxforms   = 1
mean      = 130.0000 106.0000 126.0000
sigma     = 10000.0000
1 4 4
9.977309703826904e-01 -5.098490417003632e-02 -4.396857321262360e-02 1.025951385498047e+01 
5.093546584248543e-02 9.986993670463562e-01 -2.244652947410941e-03 2.981833267211914e+01 
4.402583464980125e-02 0.000000000000000e+00 9.990302920341492e-01 2.437024354934692e+00 
0.000000000000000e+00 0.000000000000000e+00 0.000000000000000e+00 1.000000000000000e+00 
src volume info
valid = 1  # volume info valid
filename = /usr/local/freesurfer/subjects/3178/mri/norm.mgz
volume = 256 256 256
voxelsize = 1.000000000000000e+00 1.000000000000000e+00 1.000000000000000e+00
xras   = -1.000000000000000e+00 0.000000000000000e+00 0.000000000000000e+00
yras   = 0.000000000000000e+00 0.000000000000000e+00 -1.000000000000000e+00
zras   = 0.000000000000000e+00 1.000000000000000e+00 0.000000000000000e+00
cras   = 2.081995544433594e+02 2.782515258789062e+02 5.551000976562500e+02
dst volume info
valid = 1  # volume info valid
filename = /usr/local/freesurfer/subjects/3178/mri/norm.mgz
volume = 256 256 256
voxelsize = 1.000000000000000e+00 1.000000000000000e+00 1.000000000000000e+00
xras   = -1.000000000000000e+00 0.000000000000000e+00 0.000000000000000e+00
yras   = 0.000000000000000e+00 0.000000000000000e+00 -1.000000000000000e+00
zras   = 0.000000000000000e+00 1.000000000000000e+00 0.000000000000000e+00
cras   = 2.081995544433594e+02 2.782515258789062e+02 5.551000976562500e+02
