# transform file /usr/local/freesurfer/subjects/3233/mri/transforms/cc_up.lta
# created by ubuntu on Tue Jan 23 14:20:27 2018

type      = 0 # LINEAR_VOX_TO_VOX
nxforms   = 1
mean      = 126.0000 136.0000 126.0000
sigma     = 10000.0000
1 4 4
9.991093277931213e-01 -1.000554766505957e-02 -4.099301621317863e-02 9.193093299865723e+00 
9.997136890888214e-03 9.999499320983887e-01 -4.101781523786485e-04 1.880580711364746e+01 
4.099506884813309e-02 2.910383045673370e-11 9.991593360900879e-01 9.781773686408997e-01 
0.000000000000000e+00 0.000000000000000e+00 0.000000000000000e+00 1.000000000000000e+00 
src volume info
valid = 1  # volume info valid
filename = /usr/local/freesurfer/subjects/3233/mri/norm.mgz
volume = 256 256 256
voxelsize = 1.000000000000000e+00 1.000000000000000e+00 1.000000000000000e+00
xras   = -1.000000000000000e+00 0.000000000000000e+00 0.000000000000000e+00
yras   = 0.000000000000000e+00 0.000000000000000e+00 -1.000000000000000e+00
zras   = 0.000000000000000e+00 1.000000000000000e+00 0.000000000000000e+00
cras   = 7.317882080078125e+02 7.707102050781250e+02 1.806750106811523e+01
dst volume info
valid = 1  # volume info valid
filename = /usr/local/freesurfer/subjects/3233/mri/norm.mgz
volume = 256 256 256
voxelsize = 1.000000000000000e+00 1.000000000000000e+00 1.000000000000000e+00
xras   = -1.000000000000000e+00 0.000000000000000e+00 0.000000000000000e+00
yras   = 0.000000000000000e+00 0.000000000000000e+00 -1.000000000000000e+00
zras   = 0.000000000000000e+00 1.000000000000000e+00 0.000000000000000e+00
cras   = 7.317882080078125e+02 7.707102050781250e+02 1.806750106811523e+01
