# transform file transforms/talairach.lta
# created by ubuntu on Tue Jan 23 05:15:55 2018

type      = 0 # LINEAR_VOX_TO_VOX
nxforms   = 1
mean      = 126.0000 136.0000 126.0000
sigma     = 10000.0000
1 4 4
1.053880810737610e+00 6.853699684143066e-02 -4.559199139475822e-02 -9.854837417602539e+00 
-4.426203295588493e-02 9.942612648010254e-01 3.573628067970276e-01 -4.913861465454102e+01 
6.708443164825439e-02 -3.743628859519958e-01 9.826766848564148e-01 3.011899185180664e+01 
0.000000000000000e+00 0.000000000000000e+00 0.000000000000000e+00 1.000000000000000e+00 
src volume info
valid = 1  # volume info valid
filename = nu.mgz
volume = 256 256 256
voxelsize = 1.000000000000000e+00 1.000000000000000e+00 1.000000000000000e+00
xras   = -1.000000000000000e+00 0.000000000000000e+00 0.000000000000000e+00
yras   = 0.000000000000000e+00 0.000000000000000e+00 -1.000000000000000e+00
zras   = 0.000000000000000e+00 1.000000000000000e+00 0.000000000000000e+00
cras   = 7.317882080078125e+02 7.707102050781250e+02 1.806750106811523e+01
dst volume info
valid = 1  # volume info valid
filename = /usr/local/freesurfer/average/RB_all_2016-05-10.vc700.gca
volume = 256 256 256
voxelsize = 1.000000000000000e+00 1.000000000000000e+00 1.000000000000000e+00
xras   = -1.000000000000000e+00 0.000000000000000e+00 0.000000000000000e+00
yras   = 0.000000000000000e+00 0.000000000000000e+00 -1.000000000000000e+00
zras   = 0.000000000000000e+00 1.000000000000000e+00 0.000000000000000e+00
cras   = 0.000000000000000e+00 0.000000000000000e+00 0.000000000000000e+00
