# transform file /usr/local/freesurfer/subjects/3540/mri/transforms/cc_up.lta
# created by ubuntu on Fri Jan 26 06:30:11 2018

type      = 0 # LINEAR_VOX_TO_VOX
nxforms   = 1
mean      = 129.0000 107.0000 112.0000
sigma     = 10000.0000
1 4 4
9.999316334724426e-01 2.534718252718449e-03 -1.142299082130194e-02 8.099125623703003e-01 
-2.534552710130811e-03 9.999968409538269e-01 2.895415491366293e-05 3.431956100463867e+01 
1.142302807420492e-02 -1.818989620386291e-12 9.999348521232605e-01 3.555521392822266e+01 
0.000000000000000e+00 0.000000000000000e+00 0.000000000000000e+00 1.000000000000000e+00 
src volume info
valid = 1  # volume info valid
filename = /usr/local/freesurfer/subjects/3540/mri/norm.mgz
volume = 256 256 256
voxelsize = 1.000000000000000e+00 1.000000000000000e+00 1.000000000000000e+00
xras   = -1.000000000000000e+00 0.000000000000000e+00 0.000000000000000e+00
yras   = 0.000000000000000e+00 0.000000000000000e+00 -1.000000000000000e+00
zras   = 0.000000000000000e+00 1.000000000000000e+00 0.000000000000000e+00
cras   = 2.199225769042969e+02 3.125864868164062e+02 5.488190917968750e+02
dst volume info
valid = 1  # volume info valid
filename = /usr/local/freesurfer/subjects/3540/mri/norm.mgz
volume = 256 256 256
voxelsize = 1.000000000000000e+00 1.000000000000000e+00 1.000000000000000e+00
xras   = -1.000000000000000e+00 0.000000000000000e+00 0.000000000000000e+00
yras   = 0.000000000000000e+00 0.000000000000000e+00 -1.000000000000000e+00
zras   = 0.000000000000000e+00 1.000000000000000e+00 0.000000000000000e+00
cras   = 2.199225769042969e+02 3.125864868164062e+02 5.488190917968750e+02
