# transform file /usr/local/freesurfer/subjects/3108/mri/transforms/cc_up.lta
# created by ubuntu on Thu Feb  1 10:15:07 2018

type      = 0 # LINEAR_VOX_TO_VOX
nxforms   = 1
mean      = 128.0000 137.0000 120.0000
sigma     = 10000.0000
1 4 4
9.951995015144348e-01 1.706052012741566e-02 -9.636925905942917e-02 8.487897872924805e+00 
-1.698109321296215e-02 9.998545050621033e-01 1.644348958507180e-03 1.602263832092285e+01 
9.638328105211258e-02 1.164153357047226e-10 9.953443408012390e-01 6.099304676055908e+00 
0.000000000000000e+00 0.000000000000000e+00 0.000000000000000e+00 1.000000000000000e+00 
src volume info
valid = 1  # volume info valid
filename = /usr/local/freesurfer/subjects/3108/mri/norm.mgz
volume = 256 256 256
voxelsize = 1.000000000000000e+00 1.000000000000000e+00 1.000000000000000e+00
xras   = -1.000000000000000e+00 0.000000000000000e+00 0.000000000000000e+00
yras   = 0.000000000000000e+00 0.000000000000000e+00 -1.000000000000000e+00
zras   = 0.000000000000000e+00 1.000000000000000e+00 0.000000000000000e+00
cras   = 2.038554077148438e+02 2.745241088867188e+02 5.060241088867188e+02
dst volume info
valid = 1  # volume info valid
filename = /usr/local/freesurfer/subjects/3108/mri/norm.mgz
volume = 256 256 256
voxelsize = 1.000000000000000e+00 1.000000000000000e+00 1.000000000000000e+00
xras   = -1.000000000000000e+00 0.000000000000000e+00 0.000000000000000e+00
yras   = 0.000000000000000e+00 0.000000000000000e+00 -1.000000000000000e+00
zras   = 0.000000000000000e+00 1.000000000000000e+00 0.000000000000000e+00
cras   = 2.038554077148438e+02 2.745241088867188e+02 5.060241088867188e+02
