# transform file /usr/local/freesurfer/subjects/3525/mri/transforms/cc_up.lta
# created by ubuntu on Fri Jan 26 06:20:07 2018

type      = 0 # LINEAR_VOX_TO_VOX
nxforms   = 1
mean      = 129.0000 96.0000 115.0000
sigma     = 10000.0000
1 4 4
9.999234080314636e-01 -4.707098007202148e-03 -1.144517678767443e-02 1.530239224433899e+00 
4.706789739429951e-03 9.999889135360718e-01 -5.387416604207829e-05 5.240385437011719e+01 
1.144530344754457e-02 0.000000000000000e+00 9.999344944953918e-01 2.454168128967285e+01 
0.000000000000000e+00 0.000000000000000e+00 0.000000000000000e+00 1.000000000000000e+00 
src volume info
valid = 1  # volume info valid
filename = /usr/local/freesurfer/subjects/3525/mri/norm.mgz
volume = 256 256 256
voxelsize = 1.000000000000000e+00 1.000000000000000e+00 1.000000000000000e+00
xras   = -9.999999403953552e-01 0.000000000000000e+00 0.000000000000000e+00
yras   = 0.000000000000000e+00 0.000000000000000e+00 -1.000000000000000e+00
zras   = 0.000000000000000e+00 1.000000000000000e+00 0.000000000000000e+00
cras   = 2.338539428710938e+02 3.159471435546875e+02 5.679757690429688e+02
dst volume info
valid = 1  # volume info valid
filename = /usr/local/freesurfer/subjects/3525/mri/norm.mgz
volume = 256 256 256
voxelsize = 1.000000000000000e+00 1.000000000000000e+00 1.000000000000000e+00
xras   = -9.999999403953552e-01 0.000000000000000e+00 0.000000000000000e+00
yras   = 0.000000000000000e+00 0.000000000000000e+00 -1.000000000000000e+00
zras   = 0.000000000000000e+00 1.000000000000000e+00 0.000000000000000e+00
cras   = 2.338539428710938e+02 3.159471435546875e+02 5.679757690429688e+02
