# transform file /usr/local/freesurfer/subjects/3128/mri/transforms/cc_up.lta
# created by ubuntu on Thu Feb  1 10:53:52 2018

type      = 0 # LINEAR_VOX_TO_VOX
nxforms   = 1
mean      = 124.0000 135.0000 120.0000
sigma     = 10000.0000
1 4 4
9.871420264244080e-01 6.684250384569168e-02 1.451994031667709e-01 -1.873359298706055e+01 
-6.613093614578247e-02 9.977636337280273e-01 -9.727246128022671e-03 2.858569717407227e+01 
-1.455248594284058e-01 9.313226856377810e-10 9.893546104431152e-01 3.939537429809570e+01 
0.000000000000000e+00 0.000000000000000e+00 0.000000000000000e+00 1.000000000000000e+00 
src volume info
valid = 1  # volume info valid
filename = /usr/local/freesurfer/subjects/3128/mri/norm.mgz
volume = 256 256 256
voxelsize = 1.000000000000000e+00 1.000000000000000e+00 1.000000000000000e+00
xras   = -1.000000000000000e+00 0.000000000000000e+00 0.000000000000000e+00
yras   = 0.000000000000000e+00 0.000000000000000e+00 -1.000000000000000e+00
zras   = 0.000000000000000e+00 1.000000000000000e+00 0.000000000000000e+00
cras   = 2.038554077148438e+02 2.711506042480469e+02 5.161445922851562e+02
dst volume info
valid = 1  # volume info valid
filename = /usr/local/freesurfer/subjects/3128/mri/norm.mgz
volume = 256 256 256
voxelsize = 1.000000000000000e+00 1.000000000000000e+00 1.000000000000000e+00
xras   = -1.000000000000000e+00 0.000000000000000e+00 0.000000000000000e+00
yras   = 0.000000000000000e+00 0.000000000000000e+00 -1.000000000000000e+00
zras   = 0.000000000000000e+00 1.000000000000000e+00 0.000000000000000e+00
cras   = 2.038554077148438e+02 2.711506042480469e+02 5.161445922851562e+02
