# transform file transforms/talairach.lta
# created by ubuntu on Thu Feb  1 03:03:55 2018

type      = 0 # LINEAR_VOX_TO_VOX
nxforms   = 1
mean      = 124.0000 136.0000 120.0000
sigma     = 10000.0000
1 4 4
1.111019611358643e+00 7.275841385126114e-02 1.752792596817017e-01 -4.070582962036133e+01 
-1.427215784788132e-01 1.080808162689209e+00 4.163713157176971e-01 -4.916679763793945e+01 
-1.677364856004715e-01 -3.853634893894196e-01 9.736183285713196e-01 6.750349426269531e+01 
0.000000000000000e+00 0.000000000000000e+00 0.000000000000000e+00 1.000000000000000e+00 
src volume info
valid = 1  # volume info valid
filename = nu.mgz
volume = 256 256 256
voxelsize = 1.000000000000000e+00 1.000000000000000e+00 1.000000000000000e+00
xras   = -1.000000000000000e+00 0.000000000000000e+00 0.000000000000000e+00
yras   = 0.000000000000000e+00 0.000000000000000e+00 -1.000000000000000e+00
zras   = 0.000000000000000e+00 1.000000000000000e+00 0.000000000000000e+00
cras   = 2.038554077148438e+02 2.711506042480469e+02 5.161445922851562e+02
dst volume info
valid = 1  # volume info valid
filename = /usr/local/freesurfer/average/RB_all_2016-05-10.vc700.gca
volume = 256 256 256
voxelsize = 1.000000000000000e+00 1.000000000000000e+00 1.000000000000000e+00
xras   = -1.000000000000000e+00 0.000000000000000e+00 0.000000000000000e+00
yras   = 0.000000000000000e+00 0.000000000000000e+00 -1.000000000000000e+00
zras   = 0.000000000000000e+00 1.000000000000000e+00 0.000000000000000e+00
cras   = 0.000000000000000e+00 0.000000000000000e+00 0.000000000000000e+00
