# transform file /usr/local/freesurfer/subjects/3811/mri/transforms/cc_up.lta
# created by ubuntu on Sat Jan 27 08:43:56 2018

type      = 0 # LINEAR_VOX_TO_VOX
nxforms   = 1
mean      = 129.0000 89.0000 115.0000
sigma     = 10000.0000
1 4 4
9.997485280036926e-01 1.822276599705219e-02 -1.306731533259153e-02 -1.269202709197998e+00 
-1.822121068835258e-02 9.998338818550110e-01 2.381622034590691e-04 6.834573364257812e+01 
1.306948531419039e-02 0.000000000000000e+00 9.999145865440369e-01 2.931657981872559e+01 
0.000000000000000e+00 0.000000000000000e+00 0.000000000000000e+00 1.000000000000000e+00 
src volume info
valid = 1  # volume info valid
filename = /usr/local/freesurfer/subjects/3811/mri/norm.mgz
volume = 256 256 256
voxelsize = 1.000000000000000e+00 1.000000000000000e+00 1.000000000000000e+00
xras   = -1.000000000000000e+00 0.000000000000000e+00 0.000000000000000e+00
yras   = 0.000000000000000e+00 0.000000000000000e+00 -1.000000000000000e+00
zras   = 0.000000000000000e+00 1.000000000000000e+00 0.000000000000000e+00
cras   = 2.264128417968750e+02 2.616137084960938e+02 4.934643554687500e+02
dst volume info
valid = 1  # volume info valid
filename = /usr/local/freesurfer/subjects/3811/mri/norm.mgz
volume = 256 256 256
voxelsize = 1.000000000000000e+00 1.000000000000000e+00 1.000000000000000e+00
xras   = -1.000000000000000e+00 0.000000000000000e+00 0.000000000000000e+00
yras   = 0.000000000000000e+00 0.000000000000000e+00 -1.000000000000000e+00
zras   = 0.000000000000000e+00 1.000000000000000e+00 0.000000000000000e+00
cras   = 2.264128417968750e+02 2.616137084960938e+02 4.934643554687500e+02
