type      = 1 # LINEAR_RAS_TO_RAS
nxforms   = 1
mean      = 0.0000 0.0000 0.0000
sigma     = 1.0000
1 4 4
1.042933940887451e+00 1.866699941456318e-02 -6.742000114172697e-03 -2.352785491943359e+02 
2.068299986422062e-02 1.008373975753784e+00 1.755239963531494e-01 -3.648766479492188e+02 
-1.673600077629089e-02 -1.686560064554214e-01 1.028432965278625e+00 -4.983187866210938e+02 
0.000000000000000e+00 0.000000000000000e+00 0.000000000000000e+00 1.000000000000000e+00 
src volume info
valid = 1  # volume info valid
filename = /usr/local/freesurfer/subjects/3811/mri/orig_nu.mgz
volume = 256 256 256
voxelsize = 1.000000000000000e+00 1.000000000000000e+00 1.000000000000000e+00
xras   = -1.000000000000000e+00 0.000000000000000e+00 0.000000000000000e+00
yras   = 0.000000000000000e+00 0.000000000000000e+00 -1.000000000000000e+00
zras   = 0.000000000000000e+00 1.000000000000000e+00 0.000000000000000e+00
cras   = 2.264128417968750e+02 2.616137084960938e+02 4.934643554687500e+02
dst volume info
valid = 1  # volume info valid
filename = /usr/local/freesurfer/average/mni305.cor.mgz
volume = 256 256 256
voxelsize = 1.000000000000000e+00 1.000000000000000e+00 1.000000000000000e+00
xras   = -1.000000000000000e+00 0.000000000000000e+00 0.000000000000000e+00
yras   = 0.000000000000000e+00 0.000000000000000e+00 -1.000000000000000e+00
zras   = 0.000000000000000e+00 1.000000000000000e+00 0.000000000000000e+00
cras   = 0.000000000000000e+00 0.000000000000000e+00 0.000000000000000e+00
subject fsaverage
fscale 0.100000
