# transform file /usr/local/freesurfer/subjects/3160/mri/transforms/cc_up.lta
# created by ubuntu on Thu Feb  1 11:12:43 2018

type      = 0 # LINEAR_VOX_TO_VOX
nxforms   = 1
mean      = 129.0000 105.0000 120.0000
sigma     = 10000.0000
1 4 4
9.998866915702820e-01 5.525702144950628e-03 1.401085965335369e-02 -3.322967529296875e+00 
-5.525160115212202e-03 9.999848008155823e-01 -7.742102025076747e-05 4.372436523437500e+01 
-1.401107292622328e-02 7.275958481545164e-12 9.999019503593445e-01 2.882369804382324e+01 
0.000000000000000e+00 0.000000000000000e+00 0.000000000000000e+00 1.000000000000000e+00 
src volume info
valid = 1  # volume info valid
filename = /usr/local/freesurfer/subjects/3160/mri/norm.mgz
volume = 256 256 256
voxelsize = 1.000000000000000e+00 1.000000000000000e+00 1.000000000000000e+00
xras   = -1.000000000000000e+00 0.000000000000000e+00 0.000000000000000e+00
yras   = 0.000000000000000e+00 0.000000000000000e+00 -1.000000000000000e+00
zras   = 0.000000000000000e+00 1.000000000000000e+00 0.000000000000000e+00
cras   = 1.932615356445312e+02 3.072073364257812e+02 5.312130126953125e+02
dst volume info
valid = 1  # volume info valid
filename = /usr/local/freesurfer/subjects/3160/mri/norm.mgz
volume = 256 256 256
voxelsize = 1.000000000000000e+00 1.000000000000000e+00 1.000000000000000e+00
xras   = -1.000000000000000e+00 0.000000000000000e+00 0.000000000000000e+00
yras   = 0.000000000000000e+00 0.000000000000000e+00 -1.000000000000000e+00
zras   = 0.000000000000000e+00 1.000000000000000e+00 0.000000000000000e+00
cras   = 1.932615356445312e+02 3.072073364257812e+02 5.312130126953125e+02
