# transform file /usr/local/freesurfer/subjects/3181/mri/transforms/cc_up.lta
# created by ubuntu on Mon Jan 22 05:07:06 2018

type      = 0 # LINEAR_VOX_TO_VOX
nxforms   = 1
mean      = 129.0000 111.0000 121.0000
sigma     = 10000.0000
1 4 4
9.978688359260559e-01 5.336417630314827e-02 -3.754990175366402e-02 -2.592882633209229e+00 
-5.332643166184425e-02 9.985750913619995e-01 2.006678842008114e-03 4.184621429443359e+01 
3.760347887873650e-02 0.000000000000000e+00 9.992926716804504e-01 1.418863868713379e+01 
0.000000000000000e+00 0.000000000000000e+00 0.000000000000000e+00 1.000000000000000e+00 
src volume info
valid = 1  # volume info valid
filename = /usr/local/freesurfer/subjects/3181/mri/norm.mgz
volume = 256 256 256
voxelsize = 1.000000000000000e+00 1.000000000000000e+00 1.000000000000000e+00
xras   = -1.000000000000000e+00 0.000000000000000e+00 0.000000000000000e+00
yras   = 0.000000000000000e+00 0.000000000000000e+00 -1.000000000000000e+00
zras   = 0.000000000000000e+00 1.000000000000000e+00 0.000000000000000e+00
cras   = 2.041712036132812e+02 2.717947387695312e+02 5.205755004882812e+02
dst volume info
valid = 1  # volume info valid
filename = /usr/local/freesurfer/subjects/3181/mri/norm.mgz
volume = 256 256 256
voxelsize = 1.000000000000000e+00 1.000000000000000e+00 1.000000000000000e+00
xras   = -1.000000000000000e+00 0.000000000000000e+00 0.000000000000000e+00
yras   = 0.000000000000000e+00 0.000000000000000e+00 -1.000000000000000e+00
zras   = 0.000000000000000e+00 1.000000000000000e+00 0.000000000000000e+00
cras   = 2.041712036132812e+02 2.717947387695312e+02 5.205755004882812e+02
