# transform file /usr/local/freesurfer/subjects/3174/mri/transforms/cc_up.lta
# created by ubuntu on Wed Jan 31 08:39:29 2018

type      = 0 # LINEAR_VOX_TO_VOX
nxforms   = 1
mean      = 128.0000 115.0000 122.0000
sigma     = 10000.0000
1 4 4
9.999263286590576e-01 -1.063394453376532e-02 -5.853251554071903e-03 1.632670283317566e+00 
1.063376199454069e-02 9.999434947967529e-01 -6.224666867638007e-05 3.565099334716797e+01 
5.853582173585892e-03 0.000000000000000e+00 9.999828338623047e-01 1.525265979766846e+01 
0.000000000000000e+00 0.000000000000000e+00 0.000000000000000e+00 1.000000000000000e+00 
src volume info
valid = 1  # volume info valid
filename = /usr/local/freesurfer/subjects/3174/mri/norm.mgz
volume = 256 256 256
voxelsize = 1.000000000000000e+00 1.000000000000000e+00 1.000000000000000e+00
xras   = -1.000000000000000e+00 0.000000000000000e+00 0.000000000000000e+00
yras   = 0.000000000000000e+00 0.000000000000000e+00 -1.000000000000000e+00
zras   = 0.000000000000000e+00 1.000000000000000e+00 0.000000000000000e+00
cras   = 2.228923950195312e+02 2.900433959960938e+02 5.339302368164062e+02
dst volume info
valid = 1  # volume info valid
filename = /usr/local/freesurfer/subjects/3174/mri/norm.mgz
volume = 256 256 256
voxelsize = 1.000000000000000e+00 1.000000000000000e+00 1.000000000000000e+00
xras   = -1.000000000000000e+00 0.000000000000000e+00 0.000000000000000e+00
yras   = 0.000000000000000e+00 0.000000000000000e+00 -1.000000000000000e+00
zras   = 0.000000000000000e+00 1.000000000000000e+00 0.000000000000000e+00
cras   = 2.228923950195312e+02 2.900433959960938e+02 5.339302368164062e+02
