# transform file /usr/local/freesurfer/subjects/3389/mri/transforms/cc_up.lta
# created by ubuntu on Thu Jan 25 04:47:43 2018

type      = 0 # LINEAR_VOX_TO_VOX
nxforms   = 1
mean      = 128.0000 143.0000 104.0000
sigma     = 10000.0000
1 4 4
9.952896237373352e-01 9.549821913242340e-02 -1.669776253402233e-02 -9.478404045104980e+00 
-9.548478573560715e-02 9.954296350479126e-01 1.601928030140698e-03 7.674508571624756e+00 
1.677442714571953e-02 0.000000000000000e+00 9.998593330383301e-01 3.886793136596680e+01 
0.000000000000000e+00 0.000000000000000e+00 0.000000000000000e+00 1.000000000000000e+00 
src volume info
valid = 1  # volume info valid
filename = /usr/local/freesurfer/subjects/3389/mri/norm.mgz
volume = 256 256 256
voxelsize = 1.000000000000000e+00 1.000000000000000e+00 1.000000000000000e+00
xras   = -1.000000000000000e+00 0.000000000000000e+00 0.000000000000000e+00
yras   = 0.000000000000000e+00 0.000000000000000e+00 -1.000000000000000e+00
zras   = 0.000000000000000e+00 1.000000000000000e+00 0.000000000000000e+00
cras   = 1.912334899902344e+02 2.821461791992188e+02 5.313382568359375e+02
dst volume info
valid = 1  # volume info valid
filename = /usr/local/freesurfer/subjects/3389/mri/norm.mgz
volume = 256 256 256
voxelsize = 1.000000000000000e+00 1.000000000000000e+00 1.000000000000000e+00
xras   = -1.000000000000000e+00 0.000000000000000e+00 0.000000000000000e+00
yras   = 0.000000000000000e+00 0.000000000000000e+00 -1.000000000000000e+00
zras   = 0.000000000000000e+00 1.000000000000000e+00 0.000000000000000e+00
cras   = 1.912334899902344e+02 2.821461791992188e+02 5.313382568359375e+02
