# transform file /usr/local/freesurfer/subjects/3168/mri/transforms/cc_up.lta
# created by ubuntu on Mon Jan 22 05:20:59 2018

type      = 0 # LINEAR_VOX_TO_VOX
nxforms   = 1
mean      = 130.0000 104.0000 119.0000
sigma     = 10000.0000
1 4 4
9.986731410026550e-01 2.218705788254738e-02 -4.647408425807953e-02 3.283055782318115e+00 
-2.216307260096073e-02 9.997538924217224e-01 1.031377003528178e-03 4.274612808227539e+01 
4.648552834987640e-02 0.000000000000000e+00 9.989190101623535e-01 1.316768550872803e+01 
0.000000000000000e+00 0.000000000000000e+00 0.000000000000000e+00 1.000000000000000e+00 
src volume info
valid = 1  # volume info valid
filename = /usr/local/freesurfer/subjects/3168/mri/norm.mgz
volume = 256 256 256
voxelsize = 1.000000000000000e+00 1.000000000000000e+00 1.000000000000000e+00
xras   = -1.000000000000000e+00 0.000000000000000e+00 0.000000000000000e+00
yras   = 0.000000000000000e+00 0.000000000000000e+00 -1.000000000000000e+00
zras   = 0.000000000000000e+00 1.000000000000000e+00 0.000000000000000e+00
cras   = 2.089387512207031e+02 2.643014526367188e+02 5.276817016601562e+02
dst volume info
valid = 1  # volume info valid
filename = /usr/local/freesurfer/subjects/3168/mri/norm.mgz
volume = 256 256 256
voxelsize = 1.000000000000000e+00 1.000000000000000e+00 1.000000000000000e+00
xras   = -1.000000000000000e+00 0.000000000000000e+00 0.000000000000000e+00
yras   = 0.000000000000000e+00 0.000000000000000e+00 -1.000000000000000e+00
zras   = 0.000000000000000e+00 1.000000000000000e+00 0.000000000000000e+00
cras   = 2.089387512207031e+02 2.643014526367188e+02 5.276817016601562e+02
