# transform file /usr/local/freesurfer/subjects/3818/mri/transforms/cc_up.lta
# created by ubuntu on Tue Jan 23 12:49:49 2018

type      = 0 # LINEAR_VOX_TO_VOX
nxforms   = 1
mean      = 129.0000 92.0000 114.0000
sigma     = 10000.0000
1 4 4
9.999290108680725e-01 -8.981064893305302e-03 -7.843603380024433e-03 1.601526498794556e+00 
8.980789221823215e-03 9.999597668647766e-01 -7.044675294309855e-05 5.086170196533203e+01 
7.843919098377228e-03 7.275958481545164e-12 9.999693036079407e-01 1.099954605102539e+01 
0.000000000000000e+00 0.000000000000000e+00 0.000000000000000e+00 1.000000000000000e+00 
src volume info
valid = 1  # volume info valid
filename = /usr/local/freesurfer/subjects/3818/mri/norm.mgz
volume = 256 256 256
voxelsize = 1.000000000000000e+00 1.000000000000000e+00 1.000000000000000e+00
xras   = -1.000000000000000e+00 0.000000000000000e+00 0.000000000000000e+00
yras   = 0.000000000000000e+00 0.000000000000000e+00 -1.000000000000000e+00
zras   = 0.000000000000000e+00 1.000000000000000e+00 0.000000000000000e+00
cras   = 1.947008666992188e+02 2.674848632812500e+02 5.100441894531250e+02
dst volume info
valid = 1  # volume info valid
filename = /usr/local/freesurfer/subjects/3818/mri/norm.mgz
volume = 256 256 256
voxelsize = 1.000000000000000e+00 1.000000000000000e+00 1.000000000000000e+00
xras   = -1.000000000000000e+00 0.000000000000000e+00 0.000000000000000e+00
yras   = 0.000000000000000e+00 0.000000000000000e+00 -1.000000000000000e+00
zras   = 0.000000000000000e+00 1.000000000000000e+00 0.000000000000000e+00
cras   = 1.947008666992188e+02 2.674848632812500e+02 5.100441894531250e+02
