# transform file /usr/local/freesurfer/subjects/3373/mri/transforms/cc_up.lta
# created by ubuntu on Thu Jan 25 05:15:11 2018

type      = 0 # LINEAR_VOX_TO_VOX
nxforms   = 1
mean      = 129.0000 131.0000 105.0000
sigma     = 10000.0000
1 4 4
9.996263384819031e-01 2.642162889242172e-02 7.005273830145597e-03 -5.002842903137207e+00 
-2.642097882926464e-02 9.996508955955505e-01 -1.851553679443896e-04 1.947626304626465e+01 
-7.007720414549112e-03 0.000000000000000e+00 9.999754428863525e-01 5.590985107421875e+01 
0.000000000000000e+00 0.000000000000000e+00 0.000000000000000e+00 1.000000000000000e+00 
src volume info
valid = 1  # volume info valid
filename = /usr/local/freesurfer/subjects/3373/mri/norm.mgz
volume = 256 256 256
voxelsize = 1.000000000000000e+00 1.000000000000000e+00 1.000000000000000e+00
xras   = -1.000000000000000e+00 0.000000000000000e+00 0.000000000000000e+00
yras   = 0.000000000000000e+00 0.000000000000000e+00 -1.000000000000000e+00
zras   = 0.000000000000000e+00 1.000000000000000e+00 0.000000000000000e+00
cras   = 2.130657043457031e+02 3.025344238281250e+02 5.436437988281250e+02
dst volume info
valid = 1  # volume info valid
filename = /usr/local/freesurfer/subjects/3373/mri/norm.mgz
volume = 256 256 256
voxelsize = 1.000000000000000e+00 1.000000000000000e+00 1.000000000000000e+00
xras   = -1.000000000000000e+00 0.000000000000000e+00 0.000000000000000e+00
yras   = 0.000000000000000e+00 0.000000000000000e+00 -1.000000000000000e+00
zras   = 0.000000000000000e+00 1.000000000000000e+00 0.000000000000000e+00
cras   = 2.130657043457031e+02 3.025344238281250e+02 5.436437988281250e+02
