# transform file /usr/local/freesurfer/subjects/3704/mri/transforms/cc_up.lta
# created by ubuntu on Mon Feb  5 03:28:33 2018

type      = 0 # LINEAR_VOX_TO_VOX
nxforms   = 1
mean      = 126.0000 134.0000 115.0000
sigma     = 10000.0000
1 4 4
9.973942041397095e-01 3.589645400643349e-02 -6.257938593626022e-02 3.414704322814941e+00 
-3.582600504159927e-02 9.993554949760437e-01 2.247826894745231e-03 7.394442558288574e+00 
6.261974573135376e-02 -2.328306436538696e-10 9.980373978614807e-01 1.525335597991943e+01 
0.000000000000000e+00 0.000000000000000e+00 0.000000000000000e+00 1.000000000000000e+00 
src volume info
valid = 1  # volume info valid
filename = /usr/local/freesurfer/subjects/3704/mri/norm.mgz
volume = 256 256 256
voxelsize = 1.000000000000000e+00 1.000000000000000e+00 1.000000000000000e+00
xras   = -1.000000000000000e+00 0.000000000000000e+00 0.000000000000000e+00
yras   = 0.000000000000000e+00 0.000000000000000e+00 -1.000000000000000e+00
zras   = 0.000000000000000e+00 1.000000000000000e+00 0.000000000000000e+00
cras   = 5.380000000000000e+02 5.435658569335938e+02 3.291786193847656e+00
dst volume info
valid = 1  # volume info valid
filename = /usr/local/freesurfer/subjects/3704/mri/norm.mgz
volume = 256 256 256
voxelsize = 1.000000000000000e+00 1.000000000000000e+00 1.000000000000000e+00
xras   = -1.000000000000000e+00 0.000000000000000e+00 0.000000000000000e+00
yras   = 0.000000000000000e+00 0.000000000000000e+00 -1.000000000000000e+00
zras   = 0.000000000000000e+00 1.000000000000000e+00 0.000000000000000e+00
cras   = 5.380000000000000e+02 5.435658569335938e+02 3.291786193847656e+00
