# transform file /usr/local/freesurfer/subjects/3758/mri/transforms/cc_up.lta
# created by ubuntu on Mon Feb  5 02:35:40 2018

type      = 0 # LINEAR_VOX_TO_VOX
nxforms   = 1
mean      = 128.0000 118.0000 127.0000
sigma     = 10000.0000
1 4 4
9.974550008773804e-01 7.064655423164368e-02 9.621724486351013e-03 -6.956440925598145e+00 
-7.064326852560043e-02 9.975013732910156e-01 -6.814443040639162e-04 3.737843322753906e+01 
-9.645826183259487e-03 -5.820766091346741e-11 9.999535083770752e-01 2.624164390563965e+01 
0.000000000000000e+00 0.000000000000000e+00 0.000000000000000e+00 1.000000000000000e+00 
src volume info
valid = 1  # volume info valid
filename = /usr/local/freesurfer/subjects/3758/mri/norm.mgz
volume = 256 256 256
voxelsize = 1.000000000000000e+00 1.000000000000000e+00 1.000000000000000e+00
xras   = -1.000000000000000e+00 0.000000000000000e+00 0.000000000000000e+00
yras   = 0.000000000000000e+00 0.000000000000000e+00 -1.000000000000000e+00
zras   = 0.000000000000000e+00 1.000000000000000e+00 0.000000000000000e+00
cras   = 2.241852416992188e+02 2.849387207031250e+02 4.998181152343750e+02
dst volume info
valid = 1  # volume info valid
filename = /usr/local/freesurfer/subjects/3758/mri/norm.mgz
volume = 256 256 256
voxelsize = 1.000000000000000e+00 1.000000000000000e+00 1.000000000000000e+00
xras   = -1.000000000000000e+00 0.000000000000000e+00 0.000000000000000e+00
yras   = 0.000000000000000e+00 0.000000000000000e+00 -1.000000000000000e+00
zras   = 0.000000000000000e+00 1.000000000000000e+00 0.000000000000000e+00
cras   = 2.241852416992188e+02 2.849387207031250e+02 4.998181152343750e+02
