# transform file /usr/local/freesurfer/subjects/3252/mri/transforms/cc_up.lta
# created by ubuntu on Tue Jan 23 14:43:42 2018

type      = 0 # LINEAR_VOX_TO_VOX
nxforms   = 1
mean      = 129.0000 116.0000 110.0000
sigma     = 10000.0000
1 4 4
9.964425563812256e-01 7.001912593841553e-02 -4.690075665712357e-02 -3.892205953598022e+00 
-6.994169205427170e-02 9.975457191467285e-01 3.292029723525047e-03 4.997344970703125e+01 
4.701615124940872e-02 -2.328306436538696e-10 9.988941550254822e-01 2.099959754943848e+01 
0.000000000000000e+00 0.000000000000000e+00 0.000000000000000e+00 1.000000000000000e+00 
src volume info
valid = 1  # volume info valid
filename = /usr/local/freesurfer/subjects/3252/mri/norm.mgz
volume = 256 256 256
voxelsize = 1.000000000000000e+00 1.000000000000000e+00 1.000000000000000e+00
xras   = -1.000000000000000e+00 0.000000000000000e+00 0.000000000000000e+00
yras   = 0.000000000000000e+00 0.000000000000000e+00 -1.000000000000000e+00
zras   = 0.000000000000000e+00 1.000000000000000e+00 0.000000000000000e+00
cras   = 2.044800415039062e+02 2.914880981445312e+02 5.499067993164062e+02
dst volume info
valid = 1  # volume info valid
filename = /usr/local/freesurfer/subjects/3252/mri/norm.mgz
volume = 256 256 256
voxelsize = 1.000000000000000e+00 1.000000000000000e+00 1.000000000000000e+00
xras   = -1.000000000000000e+00 0.000000000000000e+00 0.000000000000000e+00
yras   = 0.000000000000000e+00 0.000000000000000e+00 -1.000000000000000e+00
zras   = 0.000000000000000e+00 1.000000000000000e+00 0.000000000000000e+00
cras   = 2.044800415039062e+02 2.914880981445312e+02 5.499067993164062e+02
