# transform file /usr/local/freesurfer/subjects/3802/mri/transforms/cc_up.lta
# created by ubuntu on Sat Jan 27 08:46:27 2018

type      = 0 # LINEAR_VOX_TO_VOX
nxforms   = 1
mean      = 128.0000 91.0000 96.0000
sigma     = 10000.0000
1 4 4
9.995589256286621e-01 2.969964966177940e-02 -2.474115171935409e-04 -4.159322261810303e+00 
-2.969964966177940e-02 9.995589256286621e-01 7.351277872658102e-06 7.089989471435547e+01 
2.475207147654146e-04 0.000000000000000e+00 1.000000000000000e+00 5.796772003173828e+01 
0.000000000000000e+00 0.000000000000000e+00 0.000000000000000e+00 1.000000000000000e+00 
src volume info
valid = 1  # volume info valid
filename = /usr/local/freesurfer/subjects/3802/mri/norm.mgz
volume = 256 256 256
voxelsize = 1.000000000000000e+00 1.000000000000000e+00 1.000000000000000e+00
xras   = -1.000000000000000e+00 0.000000000000000e+00 0.000000000000000e+00
yras   = 0.000000000000000e+00 0.000000000000000e+00 -1.000000000000000e+00
zras   = 0.000000000000000e+00 1.000000000000000e+00 0.000000000000000e+00
cras   = 1.952538452148438e+02 2.662614746093750e+02 5.361849975585938e+02
dst volume info
valid = 1  # volume info valid
filename = /usr/local/freesurfer/subjects/3802/mri/norm.mgz
volume = 256 256 256
voxelsize = 1.000000000000000e+00 1.000000000000000e+00 1.000000000000000e+00
xras   = -1.000000000000000e+00 0.000000000000000e+00 0.000000000000000e+00
yras   = 0.000000000000000e+00 0.000000000000000e+00 -1.000000000000000e+00
zras   = 0.000000000000000e+00 1.000000000000000e+00 0.000000000000000e+00
cras   = 1.952538452148438e+02 2.662614746093750e+02 5.361849975585938e+02
