# transform file /usr/local/freesurfer/subjects/3167/mri/transforms/cc_up.lta
# created by ubuntu on Mon Jan 22 05:26:38 2018

type      = 0 # LINEAR_VOX_TO_VOX
nxforms   = 1
mean      = 128.0000 120.0000 123.0000
sigma     = 10000.0000
1 4 4
9.989141821861267e-01 -4.073151573538780e-02 2.261532470583916e-02 2.762833833694458e+00 
4.072108119726181e-02 9.991701841354370e-01 9.219215135090053e-04 2.381244087219238e+01 
-2.263410761952400e-02 0.000000000000000e+00 9.997438192367554e-01 1.589961719512939e+01 
0.000000000000000e+00 0.000000000000000e+00 0.000000000000000e+00 1.000000000000000e+00 
src volume info
valid = 1  # volume info valid
filename = /usr/local/freesurfer/subjects/3167/mri/norm.mgz
volume = 256 256 256
voxelsize = 1.000000000000000e+00 1.000000000000000e+00 1.000000000000000e+00
xras   = -1.000000000000000e+00 0.000000000000000e+00 0.000000000000000e+00
yras   = 0.000000000000000e+00 0.000000000000000e+00 -1.000000000000000e+00
zras   = 0.000000000000000e+00 1.000000000000000e+00 0.000000000000000e+00
cras   = 2.443316345214844e+02 2.766892700195312e+02 5.357050781250000e+02
dst volume info
valid = 1  # volume info valid
filename = /usr/local/freesurfer/subjects/3167/mri/norm.mgz
volume = 256 256 256
voxelsize = 1.000000000000000e+00 1.000000000000000e+00 1.000000000000000e+00
xras   = -1.000000000000000e+00 0.000000000000000e+00 0.000000000000000e+00
yras   = 0.000000000000000e+00 0.000000000000000e+00 -1.000000000000000e+00
zras   = 0.000000000000000e+00 1.000000000000000e+00 0.000000000000000e+00
cras   = 2.443316345214844e+02 2.766892700195312e+02 5.357050781250000e+02
