# transform file /usr/local/freesurfer/subjects/3151/mri/transforms/cc_up.lta
# created by ubuntu on Thu Feb  1 10:32:29 2018

type      = 0 # LINEAR_VOX_TO_VOX
nxforms   = 1
mean      = 131.0000 111.0000 112.0000
sigma     = 10000.0000
1 4 4
9.998385310173035e-01 1.760740391910076e-02 3.620262257754803e-03 -5.110850334167480e+00 
-1.760728843510151e-02 9.998450875282288e-01 -6.375329394359142e-05 3.532936859130859e+01 
-3.620823379606009e-03 0.000000000000000e+00 9.999935030937195e-01 2.847533607482910e+01 
0.000000000000000e+00 0.000000000000000e+00 0.000000000000000e+00 1.000000000000000e+00 
src volume info
valid = 1  # volume info valid
filename = /usr/local/freesurfer/subjects/3151/mri/norm.mgz
volume = 256 256 256
voxelsize = 1.000000000000000e+00 1.000000000000000e+00 1.000000000000000e+00
xras   = -1.000000000000000e+00 0.000000000000000e+00 0.000000000000000e+00
yras   = 0.000000000000000e+00 0.000000000000000e+00 -1.000000000000000e+00
zras   = 0.000000000000000e+00 1.000000000000000e+00 0.000000000000000e+00
cras   = 1.900648803710938e+02 2.706479187011719e+02 5.304423828125000e+02
dst volume info
valid = 1  # volume info valid
filename = /usr/local/freesurfer/subjects/3151/mri/norm.mgz
volume = 256 256 256
voxelsize = 1.000000000000000e+00 1.000000000000000e+00 1.000000000000000e+00
xras   = -1.000000000000000e+00 0.000000000000000e+00 0.000000000000000e+00
yras   = 0.000000000000000e+00 0.000000000000000e+00 -1.000000000000000e+00
zras   = 0.000000000000000e+00 1.000000000000000e+00 0.000000000000000e+00
cras   = 1.900648803710938e+02 2.706479187011719e+02 5.304423828125000e+02
