# transform file transforms/talairach_with_skull.lta
# created by ubuntu on Thu Feb  1 02:43:13 2018

type      = 0 # LINEAR_VOX_TO_VOX
nxforms   = 1
mean      = 131.0000 140.0000 129.0000
sigma     = 10000.0000
1 4 4
1.095466613769531e+00 4.859742522239685e-02 -6.984804756939411e-03 -2.283496284484863e+01 
-5.000671371817589e-02 1.232524871826172e+00 2.650922536849976e-01 -2.936247444152832e+01 
2.132048644125462e-02 -2.186089903116226e-01 1.011777281761169e+00 1.927867698669434e+01 
0.000000000000000e+00 0.000000000000000e+00 0.000000000000000e+00 1.000000000000000e+00 
src volume info
valid = 1  # volume info valid
filename = nu.mgz
volume = 256 256 256
voxelsize = 1.000000000000000e+00 1.000000000000000e+00 1.000000000000000e+00
xras   = -1.000000000000000e+00 0.000000000000000e+00 0.000000000000000e+00
yras   = 0.000000000000000e+00 0.000000000000000e+00 -1.000000000000000e+00
zras   = 0.000000000000000e+00 1.000000000000000e+00 0.000000000000000e+00
cras   = 1.900648803710938e+02 2.706479187011719e+02 5.304423828125000e+02
dst volume info
valid = 1  # volume info valid
filename = /usr/local/freesurfer/average/RB_all_withskull_2016-05-10.vc700.gca
volume = 256 256 256
voxelsize = 1.000000000000000e+00 1.000000000000000e+00 1.000000000000000e+00
xras   = -1.000000000000000e+00 0.000000000000000e+00 0.000000000000000e+00
yras   = 0.000000000000000e+00 0.000000000000000e+00 -1.000000000000000e+00
zras   = 0.000000000000000e+00 1.000000000000000e+00 0.000000000000000e+00
cras   = 0.000000000000000e+00 0.000000000000000e+00 0.000000000000000e+00
