# transform file /usr/local/freesurfer/subjects/3542/mri/transforms/cc_up.lta
# created by ubuntu on Fri Jan 26 06:10:10 2018

type      = 0 # LINEAR_VOX_TO_VOX
nxforms   = 1
mean      = 129.0000 110.0000 112.0000
sigma     = 10000.0000
1 4 4
9.990367293357849e-01 -2.075714990496635e-02 3.866484388709068e-02 -2.801745176315308e+00 
2.074162103235722e-02 9.997846484184265e-01 8.027448784559965e-04 3.324375915527344e+01 
-3.867317736148834e-02 0.000000000000000e+00 9.992519617080688e-01 4.210791015625000e+01 
0.000000000000000e+00 0.000000000000000e+00 0.000000000000000e+00 1.000000000000000e+00 
src volume info
valid = 1  # volume info valid
filename = /usr/local/freesurfer/subjects/3542/mri/norm.mgz
volume = 256 256 256
voxelsize = 1.000000000000000e+00 1.000000000000000e+00 1.000000000000000e+00
xras   = -9.999999403953552e-01 0.000000000000000e+00 0.000000000000000e+00
yras   = 0.000000000000000e+00 0.000000000000000e+00 -9.999999403953552e-01
zras   = 0.000000000000000e+00 9.999999403953552e-01 0.000000000000000e+00
cras   = 2.161891174316406e+02 3.161300048828125e+02 5.724691772460938e+02
dst volume info
valid = 1  # volume info valid
filename = /usr/local/freesurfer/subjects/3542/mri/norm.mgz
volume = 256 256 256
voxelsize = 1.000000000000000e+00 1.000000000000000e+00 1.000000000000000e+00
xras   = -9.999999403953552e-01 0.000000000000000e+00 0.000000000000000e+00
yras   = 0.000000000000000e+00 0.000000000000000e+00 -9.999999403953552e-01
zras   = 0.000000000000000e+00 9.999999403953552e-01 0.000000000000000e+00
cras   = 2.161891174316406e+02 3.161300048828125e+02 5.724691772460938e+02
